5.67863083856
3.84791075471
1.92924641062
6.54631408775
2.62405560509
2.82235740548
0.866908521565
3.62519894045
7.75564836953
10.2420725406
12.9109859977
3.68717859416
2.36455586366
6.58007936859
0.0
1.65186431702
1.56466219112
4.68971351999
5.62307292012
0.190569568291
24.2832642372
19.3913340176
25.4723745723
19.9534469253
16.965151809
12.4904091467
26.9535748743
20.7981139013
17.9303966656
18.9009587867
18.9327156398
26.1769199324
21.0954581091
27.5117129175
18.4492833293
26.4511695621
16.7469674346
16.9840909237
16.8000012647
19.5982161466
35.6295549097
41.2384216598
35.2402479706
53.1600644048
37.2762765908
43.6250405751
50.3561194002
38.544407292
37.657279315
41.0675796785
36.5506139887
38.297735963
39.8062859494
48.7506806942
44.5271505224
32.8963446527
42.2999853806
36.7023911111
42.8774881801
42.2865451915
48.1159456408
27.4331405065
40.6962515842
49.139510904
11.8170966101
28.2615218886
48.305887316
20.3731778413
13.8001135087
48.8219138052
0.0
0.190569568291
0.866908521565
1.56466219112
1.65186431702
1.92924641062
2.36455586366
2.62405560509
2.82235740548
3.62519894045
3.68717859416
3.84791075471
4.68971351999
5.62307292012
5.67863083856
6.54631408775
6.58007936859
7.75564836953
10.2420725406
11.8170966101
12.4904091467
12.9109859977
13.8001135087
16.7469674346
16.8000012647
16.965151809
16.9840909237
17.9303966656
18.4492833293
18.9009587867
18.9327156398
19.3913340176
19.5982161466
19.9534469253
20.3731778413
20.7981139013
21.0954581091
24.2832642372
25.4723745723
26.1769199324
26.4511695621
26.9535748743
27.4331405065
27.5117129175
28.2615218886
32.8963446527
35.2402479706
35.6295549097
36.5506139887
36.7023911111
37.2762765908
37.657279315
38.297735963
38.544407292
39.8062859494
40.6962515842
41.0675796785
41.2384216598
42.2865451915
42.2999853806
42.8774881801
43.6250405751
44.5271505224
48.1159456408
48.305887316
48.7506806942
48.8219138052
49.139510904
50.3561194002
53.1600644048
